(g_98:0.01333,g_96:0.02667,g_33:0.01333,(g_43:0.01333,g_31:0.16000):0.04000,
g_30:0.00000,g_29:0.02667,g_23:0.01333,g_5:0.04000,(g_22:0.00000,
(g_70:0.04000,(g_84:0.01333,g_69:0.00000,(g_71:0.01333,g_56:0.00000,
g_52:0.01333):0.01333,(g_21:0.00000,(g_14:0.00000,(g_77:0.01333,
g_50:0.01333,g_49:0.00000,(g_81:0.00667,(g_95:0.00667,g_27:0.00667):0.01333):0.00667,
g_26:0.01333,g_8:0.01333):0.02667):0.05333,(g_11:0.00000,(((g_83:0.00000,
g_73:0.01333):0.01333,g_63:0.01333,(g_47:0.00000,(g_97:0.00000,
g_41:0.01333):0.01333):0.01333,g_32:0.00000):0.01333,g_28:0.00000,
(g_45:0.00000,(g_88:0.01333,g_62:0.00000,g_6:0.01333,(((g_87:0.00000,
g_38:0.01333):0.01333,g_17:0.00000,(g_61:0.00000,(g_35:0.00000,
g_9:0.01333,(g_13:0.00000,(g_78:0.00000,g_72:0.01333,((g_90:0.00000,
g_24:0.01333):0.01333,g_15:0.00000,(g_93:0.00000,g_86:0.01333,
g_64:0.01333,g_40:0.08000,(g_76:0.01333,g_34:0.00000):0.02667,
(g_66:0.02667,g_51:0.00000,((g_65:0.01333,(g_85:0.01333,g_59:0.00000):0.01333,
g_48:0.00000):0.01333,g_25:0.00000):0.01333):0.01333,g_19:0.01333,
(g_92:0.00000,g_58:0.01333,((g_89:0.04000,(g_74:0.00000,(g_91:0.00000,
g_57:0.01333):0.01333,(g_46:0.01333,(g_53:0.01333,g_39:0.00000):0.02667):0.05333):0.01333,
g_37:0.00000,g_10:0.01333):0.01333,g_7:0.00000):0.01333):0.01333):0.01333):0.01333):0.01333):0.01333):0.01333):0.02667):0.01333,
(g_75:0.00000,(g_82:0.01333,g_80:0.02667,(g_79:0.00000,g_68:0.01333):0.01333,
(g_67:0.00000,(g_99:0.01333,g_94:0.00000,g_42:0.01333):0.01333):0.01333,
g_20:0.01333,g_18:0.01333,g_4:0.01333,g_3:0.00000):0.01333):0.01333):0.01333):0.01333):0.01333):0.01333):0.01333):0.01333):0.26667):0.45333):0.04000,
(g_55:0.00000,(g_60:0.01333,g_36:0.01333,g_16:0.01333,g_12:0.00000,
((g_54:0.02667,g_44:0.00000):0.02667,g_2:0.00000):0.01333):0.01333):0.01333,
g_1:0.01333)[0.0139];
